0.45098 0.380392 0.490196 1
0.196078 0.568627 0.52549 1
0.909804 0.960784 0.52549 1
0.607843 0.152941 0.45098 1
0.133333 0.443137 0.513725 1
0.458824 0.45098 0.827451 1
0.372549 0.176471 0.266667 1
0.435294 0.662745 0.796078 1
0.109804 0.521569 0.52549 1
0.733333 0.627451 0.721569 1
0.811765 0.101961 0.87451 1
0.517647 0.529412 0.87451 1
0.0980392 0.517647 0.882353 1
0.0823529 0.521569 0.47451 1
0.572549 0.309804 0.121569 1
0.113725 0.560784 0.333333 1
0.4 0.447059 0.105882 1
0.690196 0.858824 0.780392 1
0.682353 0.592157 0 1
0.733333 0.686275 0.65098 1
0.74902 0.662745 0.372549 1
0.0196078 0.341176 0.827451 1
0.141176 0.160784 0.109804 1
0.913725 0.12549 0.435294 1
0.262745 0.0117647 0.294118 1
0.278431 0.807843 0.788235 1
0.568627 0.65098 0.72549 1
0.439216 0.0745098 0.729412 1
0.639216 0.545098 0.333333 1
0.619608 0.913725 0.376471 1
0.909804 0.572549 0.917647 1
0.847059 0.427451 0.705882 1
0.317647 0.498039 0.368627 1
0.215686 0.27451 0.0313725 1
0.627451 0.929412 0.235294 1
0.6 0.819608 0.572549 1
0.92549 0.368627 0.596078 1
0.894118 0.996078 0.764706 1
0.745098 0.368627 0.729412 1
0.215686 0.247059 0.356863 1
0.443137 0.435294 0.603922 1
0.819608 0.458824 0.160784 1
0.172549 0.443137 0.286275 1
0.133333 0.360784 0.866667 1
0.803922 0.921569 0.815686 1
0.552941 0.478431 0.0666667 1
0.619608 0.905882 0.180392 1
0.972549 0.678431 0.0862745 1
0.901961 0.623529 0.160784 1
0.168627 0.529412 0.505882 1
0.0156863 0.627451 0.686275 1
0.54902 0.756863 0.478431 1
0.768627 0.690196 0.298039 1
0.52549 0.756863 0.447059 1
0.698039 0.678431 0.301961 1
0.105882 0.937255 0.560784 1
0.85098 0.203922 0.360784 1
0.745098 0.631373 0.192157 1
0.364706 0.956863 0.631373 1
0.215686 0.666667 0.678431 1
0.764706 0.721569 0.913725 1
0.603922 0.87451 0 1
0.372549 0.254902 0.219608 1
0.364706 0.85098 0.811765 1
0.898039 0.521569 0.027451 1
0.686275 0.690196 0.262745 1
0.858824 0.572549 0.737255 1
0.85098 0.231373 0.843137 1
0.960784 0.184314 0.262745 1
0.352941 0.47451 0.105882 1
0.717647 0.815686 0.701961 1
0.270588 0.196078 0.898039 1
0.368627 0.564706 0.745098 1
0.894118 0.623529 0.368627 1
0.227451 0.709804 0.513725 1
0.235294 0.768627 0.0666667 1
0.45098 0.698039 0.0196078 1
0.133333 0.584314 0.537255 1
0.490196 0.87451 0.541176 1
0.741176 0.0313725 0.137255 1
0.933333 0.0235294 0.447059 1
0.513725 0.415686 0.301961 1
0.894118 0.196078 0.972549 1
0.309804 0.0196078 0.72549 1